
219713_SUPPL-4
219099
208065_SUPPL-35
212068
218881_SUPPL-1
220910_ORIG-1
215866_SUPPL-45
207103
217806
761530
761334
216579
761508
220910
761320
215833
214236
218035
221104_ORIG-1
213246
220444
221075
217650_ORIG-1
212436
218217_ORIG-1
217060_ORIG-1
761463_ORIG-1
209935
761105
761369
761468
208081_SUPPL-40
217759_SUPPL-6
216068
220413
202811
761055
218300
208716
217734
217180
215974_SUPPL-17
215866_SUPPL-44
761408_ORIG-1
220641
761068
761485
218160
218197_SUPPL-6
215973_SUPPL-24
212069
219121
761306
211000
208716_SUPPL-22
214733
215430
761460
219283
207924_SUPPL-9
218276
215820
220934
022472
220465
217497
213234_ORIG-1
209092
220448
761508_ORIG-1
217806_SUPPL-41
761139
220437
761394
219908
208573
211312
216915
218197
219346
761486
215985
220185
220415_ORIG-1